>S1, Orders for mutation Results: A->ACGU,C->ACGU,G->ACGU,U->ACGU
cell line/tissue: HeLa
0.5939
position mutationResults
1 U 0.6019 0.602 0.5946 0.5939
2 U 0.6031 0.6084 0.6049 0.5939
3 A 0.5939 0.6056 0.6127 0.6028
4 U 0.5916 0.6049 0.5951 0.5939
5 A 0.5939 0.5974 0.5956 0.6068
6 U 0.5982 0.6051 0.5961 0.5939
7 U 0.5993 0.6019 0.6101 0.5939
8 A 0.5939 0.5917 0.6075 0.5992
9 U 0.6116 0.5998 0.6039 0.5939
10 C 0.5862 0.5939 0.5887 0.5825
11 C 0.5864 0.5939 0.6288 0.5833
12 U 0.6199 0.6182 0.6603 0.5939
13 A 0.5939 0.575 0.6073 0.5795
14 A 0.5939 0.5882 0.5805 0.575
15 C 0.6005 0.5939 0.6048 0.5882
16 U 0.6087 0.6033 0.6379 0.5939
17 A 0.5939 0.5879 0.5988 0.5845
18 C 0.5903 0.5939 0.5914 0.5921
19 U 0.6013 0.6003 0.6327 0.5939
20 A 0.5939 0.5998 0.6058 0.5933
21 C 0.5784 0.5939 0.5698 0.5756
22 C 0.5574 0.5939 0.6126 0.5461
23 G 0.5486 0.5685 0.5939 0.5399
24 C 0.6164 0.5939 0.6268 0.5827
25 A 0.5939 0.5957 0.5749 0.5696
26 U 0.6015 0.5993 0.6018 0.5939
27 U 0.5988 0.5976 0.6109 0.5939
28 C 0.6019 0.5939 0.5997 0.5941
29 C 0.5913 0.5939 0.6183 0.5885
30 U 0.6108 0.6122 0.6431 0.5939
31 A 0.5939 0.6005 0.604 0.5945
32 C 0.5944 0.5939 0.5957 0.5894
33 U 0.6049 0.6044 0.627 0.5939
34 A 0.5939 0.5955 0.5966 0.5896
35 C 0.5968 0.5939 0.5886 0.5935
36 U 0.5955 0.6059 0.606 0.5939
37 C 0.5875 0.5939 0.6081 0.5715
38 A 0.5939 0.5981 0.6196 0.5713
39 A 0.5939 0.5834 0.5754 0.5784
40 C 0.5981 0.5939 0.5641 0.5869
41 U 0.594 0.5988 0.5941 0.5939
42 U 0.5967 0.5976 0.6062 0.5939
43 A 0.5939 0.5928 0.607 0.5877
44 A 0.5939 0.587 0.5914 0.5811
45 A 0.5939 0.5913 0.5854 0.5788
46 C 0.5924 0.5939 0.5918 0.5907
47 U 0.5929 0.5924 0.5976 0.5939
48 C 0.5924 0.5939 0.6011 0.5928
49 C 0.6043 0.5939 0.5989 0.5906
50 A 0.5939 0.5976 0.6092 0.5915
51 G 0.5871 0.588 0.5939 0.5774
52 C 0.6067 0.5939 0.6293 0.5836
53 A 0.5939 0.5961 0.6023 0.5809
54 C 0.5916 0.5939 0.5951 0.584
55 C 0.6019 0.5939 0.6034 0.5981
56 A 0.5939 0.5967 0.604 0.593
57 C 0.6038 0.5939 0.6108 0.5924
58 A 0.5939 0.5923 0.6086 0.5859
59 A 0.5939 0.5921 0.5978 0.5855
60 C 0.6022 0.5939 0.5984 0.5901
61 C 0.5917 0.5939 0.5997 0.6024
62 C 0.5919 0.5939 0.6318 0.5903
63 U 0.6113 0.6113 0.6551 0.5939
64 A 0.5939 0.593 0.5961 0.5911
65 C 0.5917 0.5939 0.5971 0.5865
66 U 0.6114 0.605 0.6377 0.5939
67 A 0.5939 0.586 0.5768 0.5789
68 C 0.589 0.5939 0.5635 0.5791
69 U 0.5942 0.5939 0.6176 0.5939
70 A 0.5939 0.5928 0.6044 0.566
71 U 0.6302 0.6116 0.5985 0.5939
72 C 0.596 0.5939 0.5909 0.5783
73 U 0.5814 0.6014 0.5922 0.5939
74 C 0.5449 0.5939 0.5874 0.5501
75 G 0.5285 0.5664 0.5939 0.5181
76 C 0.6012 0.5939 0.6864 0.5639
77 A 0.5939 0.573 0.5638 0.5251
78 C 0.5339 0.5939 0.5215 0.5546
79 C 0.5559 0.5939 0.5559 0.5847
80 U 0.5686 0.6628 0.5957 0.5939
81 G 0.6143 0.6191 0.5939 0.6293
82 A 0.5939 0.6172 0.6497 0.6249
83 A 0.5939 0.6323 0.5967 0.6266
84 A 0.5939 0.6466 0.5634 0.6254
85 C 0.5627 0.5939 0.5493 0.568
86 A 0.5939 0.6 0.6206 0.6289
87 A 0.5939 0.6718 0.5752 0.633
88 G 0.6842 0.6812 0.5939 0.6753
89 C 0.6014 0.5939 0.5299 0.5439
90 U 0.5839 0.607 0.6476 0.5939
91 A 0.5939 0.6535 0.6199 0.6182
92 A 0.5939 0.6257 0.5906 0.6124
93 C 0.6323 0.5939 0.5672 0.5796
94 A 0.5939 0.6076 0.628 0.6622
95 U 0.6114 0.6892 0.7092 0.5939
96 G 0.632 0.6354 0.5939 0.6251
97 A 0.5939 0.5595 0.5465 0.5672
98 C 0.595 0.5939 0.5249 0.5751
99 U 0.5873 0.5905 0.6523 0.5939
100 A 0.5939 0.6104 0.6321 0.6085
101 A 0.5939 0.6878 0.6237 0.6181
102 C 0.5291 0.5939 0.5451 0.5546
103 A 0.5939 0.6055 0.6392 0.6106
104 C 0.5971 0.5939 0.5539 0.5757
105 C 0.6186 0.5939 0.5744 0.6123
106 C 0.5594 0.5939 0.6107 0.5775
107 U 0.6246 0.6433 0.6522 0.5939
108 U 0.6228 0.6301 0.5827 0.5939
109 A 0.5939 0.6086 0.6337 0.5789
110 A 0.5939 0.6037 0.5212 0.5385
111 U 0.6096 0.6701 0.5345 0.5939
112 U 0.6397 0.6463 0.5812 0.5939
113 C 0.6207 0.5939 0.6019 0.563
114 C 0.5649 0.5939 0.6494 0.5604
115 A 0.5939 0.5892 0.6108 0.5637
116 U 0.6179 0.6868 0.5468 0.5939
117 C 0.5016 0.5939 0.5582 0.5062
118 C 0.5509 0.5939 0.6241 0.5143
119 A 0.5939 0.5425 0.5617 0.4811
120 C 0.4981 0.5939 0.4565 0.481
121 C 0.5402 0.5939 0.5129 0.5694
122 C 0.5768 0.5939 0.5506 0.5711
123 U 0.6309 0.616 0.6025 0.5939
124 C 0.5975 0.5939 0.5874 0.5878
125 C 0.5995 0.5939 0.6139 0.5885
126 U 0.6292 0.5991 0.6018 0.5939
127 C 0.5887 0.5939 0.5884 0.5869
128 U 0.6116 0.6079 0.6101 0.5939
129 C 0.5959 0.5939 0.5966 0.5742
130 C 0.5881 0.5939 0.5857 0.5853
131 C 0.5875 0.5939 0.5931 0.5815
132 U 0.5965 0.6009 0.5995 0.5939
133 A 0.5939 0.5962 0.5879 0.5913
134 G 0.6002 0.6025 0.5939 0.6048
135 G 0.5906 0.6011 0.5939 0.586
136 A 0.5939 0.6039 0.5904 0.578
137 G 0.5805 0.6071 0.5939 0.5902
138 G 0.5804 0.5976 0.5939 0.5898
139 C 0.5867 0.5939 0.5913 0.5793
140 C 0.5885 0.5939 0.5917 0.5818
141 U 0.5899 0.5972 0.5952 0.5939
142 G 0.5917 0.5947 0.5939 0.5922
143 C 0.5883 0.5939 0.5927 0.5927
144 C 0.5972 0.5939 0.5965 0.594
145 C 0.5949 0.5939 0.594 0.5942
146 C 0.5979 0.5939 0.5946 0.5945
147 C 0.5893 0.5939 0.5947 0.5914
148 G 0.6028 0.5992 0.5939 0.5973
149 C 0.5963 0.5939 0.59 0.5933
150 U 0.5925 0.5955 0.5946 0.5939
151 A 0.5939 0.5956 0.5929 0.595
152 A 0.5939 0.5944 0.5933 0.5954
153 C 0.5902 0.5939 0.5903 0.5937
154 C 0.578 0.5939 0.5911 0.5871
155 G 0.5855 0.5883 0.5939 0.5836
156 G 0.5923 0.5913 0.5939 0.5858
157 C 0.5931 0.5939 0.5882 0.588
158 U 0.5944 0.5974 0.5947 0.5939
159 U 0.5935 0.5938 0.5945 0.5939
160 U 0.5935 0.5929 0.594 0.5939
161 U 0.5934 0.5933 0.5933 0.5939
162 U 0.5921 0.5982 0.5952 0.5939
163 G 0.5924 0.5939 0.5939 0.5917
164 C 0.5907 0.5939 0.5964 0.59
165 C 0.5954 0.5939 0.5947 0.591
166 C 0.5915 0.5939 0.5956 0.5918
167 A 0.5939 0.5944 0.5929 0.5927
168 A 0.5939 0.597 0.5918 0.5956
169 A 0.5939 0.5986 0.5944 0.5974
170 U 0.5953 0.5975 0.5942 0.5939
171 G 0.5928 0.6029 0.5939 0.5944
172 G 0.5864 0.5944 0.5939 0.5849
173 G 0.6082 0.5941 0.5939 0.5881
174 C 0.6037 0.5939 0.5902 0.5861
175 C 0.5926 0.5939 0.5922 0.5939
176 A 0.5939 0.5938 0.5966 0.5938
177 U 0.594 0.5942 0.5955 0.5939
178 U 0.595 0.5943 0.5948 0.5939
179 A 0.5939 0.5918 0.593 0.5925
180 U 0.596 0.5954 0.592 0.5939
181 C 0.5963 0.5939 0.5923 0.596
182 G 0.5977 0.5888 0.5939 0.5923
183 A 0.5939 0.5891 0.5918 0.5891
184 A 0.5939 0.598 0.5876 0.5894
185 G 0.5933 0.5909 0.5939 0.5876
186 A 0.5939 0.589 0.6024 0.5848
187 A 0.5939 0.5962 0.588 0.5894
188 U 0.5887 0.6187 0.5885 0.5939
189 U 0.5892 0.5896 0.5899 0.5939
190 C 0.5883 0.5939 0.5962 0.5893
191 A 0.5939 0.5908 0.5971 0.5947
192 C 0.5908 0.5939 0.5928 0.5941
193 A 0.5939 0.5951 0.5988 0.5947
194 A 0.5939 0.5943 0.5964 0.5899
195 A 0.5939 0.5929 0.5989 0.5841
196 A 0.5939 0.5942 0.5968 0.583
197 A 0.5939 0.5953 0.5914 0.588
198 A 0.5939 0.5976 0.5957 0.5938
199 C 0.5939 0.5939 0.5924 0.5855
200 A 0.5939 0.5946 0.591 0.5906
201 A 0.5939 0.5905 0.5915 0.5913
